Date,Open,High,Low,Close,Volume,Turnover
2015-01-05,623.4502124451753,679.1155001086601,614.1726847003029,649.4273681640625,36791100,23683347533.00171
2015-01-12,645.7163255901902,660.5604713624106,636.4387290233568,640.1497192382812,30122400,19622496332.281494
2015-01-19,645.7163693023195,662.4158325195311,636.438850731523,662.4158325195312,27105600,17584756633.392334
2015-01-26,658.705009657221,677.259880228087,643.8607881026128,653.1383666992188,29204400,19284517175.775146
2015-02-02,647.5719602989611,656.8494725720636,599.3286384693874,616.0283203125,32258100,20016114649.749756
2015-02-09,623.4500643445751,634.5833126153873,610.4617991411501,632.727783203125,22170900,13852541207.995605
2015-02-16,636.4388500385077,656.8494101523596,630.872329682342,643.86083984375,21843900,14075880914.941406
2015-02-23,649.4273529429274,675.4045329070104,636.438850731523,666.126953125,27921600,18427075484.051514
2015-03-02,673.54900336047,675.4045329070104,656.8493129185267,664.2715454101562,19345800,12880692096.75293
2015-03-09,666.1268229366412,692.1041800541121,651.2827927247052,684.68212890625,24521700,16507819679.11377
2015-03-16,686.5374670853694,719.9365834025522,675.4044274458806,716.2255249023438,29471700,20727596202.44751
2015-03-23,712.5146484375,714.3701779847033,650.8242357991254,660.2291870117188,31735800,21693277774.969482
2015-03-30,660.2290066964133,667.752983951319,647.0620012092004,652.705078125,28609800,18682729298.7854
2015-04-06,645.1812535672183,660.2290066964133,637.657126443428,643.3001098632812,21332100,13788052156.292725
2015-04-13,647.0620012092004,662.1102048078727,637.6570528890072,660.2291870117188,16694100,10958133846.679688
2015-04-20,654.5861630197298,699.7298942538738,654.5861630197298,688.4440307617188,27610500,18855646292.907715
2015-04-27,688.4440955379915,724.1828526416232,671.5149875217014,705.3728637695312,31707300,22226271981.481934
2015-05-04,697.848941161217,709.1349082359757,692.2059576238377,701.6109619140625,10362000,7225709541.522217
2015-05-11,707.2541217798432,722.3019409179688,699.7300439068651,722.3019409179688,20526600,14679013486.029053
2015-05-18,722.3018830048125,724.1829004531627,692.2059436193257,701.6109619140625,25240800,17788850869.921875
2015-05-25,703.4918465047896,720.4208655564622,699.729880859375,707.2540283203125,22042800,15575614595.507812
2015-06-01,703.491943359375,705.3729608830893,662.1099802679474,669.6339111328125,26523000,18083487989.648438
2015-06-08,675.2770385742188,682.8009328108724,647.0620368778641,648.9430541992188,30865500,20306756418.548584
2015-06-15,648.9432738173117,650.8242917752483,618.8471185522295,648.9430541992188,32036700,20418929979.29077
2015-06-22,660.2290857528257,667.7531893122464,639.5381687048371,660.2291870117188,25089900,16393706168.865967
2015-06-29,635.7761090087852,652.705084606249,633.8951604582173,647.062255859375,16690800,10744941878.21045
2015-07-06,637.6571655273439,667.752983951319,607.5611524455987,620.7282104492188,37256400,23628226663.73291
2015-07-13,622.6091531771534,652.705099274594,620.7281358646915,643.3001098632812,19898700,12693796742.266846
2015-07-20,650.8240525827388,663.9911537199386,635.7761479774078,637.6571655273438,16346100,10711436568.347168
2015-07-27,648.9430541992188,663.9910668060514,630.1330818171147,637.6571655273438,25929300,16589658674.761963
2015-08-03,639.5383217958167,684.6821482981771,635.7762858799435,673.3961791992188,23938800,15914665726.080322
2015-08-10,673.3960898965609,686.5630777800774,667.7531946497395,680.9201049804688,21012900,14270018198.474121
2015-08-17,684.6821405603313,694.0869500230524,662.1101648663755,665.8721313476562,20355900,13839626837.823486
2015-08-24,639.5382383058285,647.0621713871576,590.632224265769,609.4423217773438,48144000,29268972813.372803
2015-08-31,607.5610394574817,611.3230733827802,564.2984238317947,568.0604248046875,28542300,16626445856.414795
2015-09-07,564.2982774763296,590.6321435832418,553.0125102003714,583.1083984375,28701900,16481641667.907715
2015-09-14,586.8702752457999,594.3942760949249,560.5364606872872,564.2984619140625,21405000,12311312200.08545
2015-09-21,560.5362963019852,562.41731358476,537.9644224618429,553.0123901367188,7615200,4205467216.845703
2015-09-28,558.7332015921852,560.640129168009,511.0597602710047,553.0123291015625,47448900,25258189958.569336
2015-10-05,562.5471255630141,612.1274824954025,553.0124516003708,610.2205200195312,36952500,21565077709.606934
2015-10-12,610.2205200195312,615.9413376129462,583.5234112325197,598.7789306640625,19314900,11628608739.86206
2015-10-19,598.7788001830983,642.6384887695312,587.3371666137767,642.6384887695312,29787000,18382040356.45752
2015-10-26,635.01076839932,635.01076839932,594.9650418263561,606.4066772460938,43804800,26711395443.914795
2015-11-02,598.7789362246116,638.8247618423212,581.6165168884527,633.1039428710938,27937800,17214902726.879883
2015-11-09,636.9178687413894,636.9178687413894,610.2204670825568,615.9412841796875,18730800,11717237166.156006
2015-11-16,604.4997823981621,625.476025897701,596.8720043410459,606.4066772460938,25992900,15923353245.007324
2015-11-23,608.3137078544665,623.5691654684058,602.5928097844441,619.7553100585938,18374100,11278826108.789062
2015-11-30,614.034444971274,619.755344554963,577.8026070652794,587.3372802734375,25251600,15177939115.466309
2015-12-07,594.9650607404857,594.9650607404857,568.267970525199,575.895751953125,20188500,11679148461.584473
2015-12-14,566.3609556950502,577.8026049804687,554.9193115234375,558.7332763671875,23629500,13304906556.958008
2015-12-21,554.9193115234375,566.3610226084004,545.3846038101184,558.7332763671875,9434400,5242986524.267578
2015-12-28,554.9193202264634,579.7096368752163,553.0123926207323,562.5471801757812,10875000,6161374720.349121
2016-01-04,558.7332763671875,568.2679504394275,518.6874468599258,524.4082641601562,44513100,24513126611.09619
2016-01-11,514.8736610674364,522.5013338775573,493.8972456193498,509.15277099609375,22125000,11206481453.613281
2016-01-18,495.80419463865024,518.6875413387762,469.1070556640625,493.8972778320313,33119700,16282307270.306396
2016-01-25,490.0834287182796,499.6181022705467,461.4793255247063,488.1764526367188,29406600,14167819108.447266
2016-02-01,493.8972302827557,495.8041927188208,427.15436769963856,446.2237854003906,33912000,15285447523.526001
2016-02-08,440.5029585322818,463.3862291053873,364.2254573864106,366.1323852539063,32691300,13242973639.791872
2016-02-15,383.29480782420256,413.8058068244621,381.3878801208277,398.5503234863281,26857500,10674821258.596802
2016-02-22,396.6433619488477,417.6197438475485,389.01562585142943,404.2711791992188,19439400,7842146348.995973
2016-02-29,409.9919702569622,455.7585180115852,389.0156389508929,448.1307373046875,26141100,11142463793.64624
2016-03-07,457.66541146211097,465.29315668077953,417.6196912447584,434.7822265625,36314400,15830010898.672485
2016-03-14,440.5030040691064,450.03771276591374,419.52665522558414,423.3405456542969,18205200,7866174567.489624
2016-03-21,432.8752986113492,442.4098864239233,411.8989261113649,419.5266723632813,16670400,7083190495.541382
2016-03-28,425.24748035857823,438.6814761075199,400.20072090622,402.1247863769531,20926200,8796656677.22168
2016-04-04,396.35265369571886,404.0488097571978,379.0362475613941,394.4285583496094,28296600,11062428512.658691
2016-04-11,396.35265369571886,440.6055913812992,388.6564624039796,434.8334655761719,24347100,10336530261.529541
2016-04-18,419.4411128176376,473.31439208984375,415.59301757812494,473.31439208984375,26685000,11977915921.435547
2016-04-25,479.0864890769676,481.0105194583535,415.5930754009046,438.68157958984375,22594800,10122905648.812866
2016-05-02,398.2766906657478,405.9728468578976,390.58049822578414,394.4285583496094,11692200,4670179667.08374
2016-05-09,396.3526238170376,404.0487791196878,379.0362664721032,380.9602966308594,29263200,11354993298.184204
2016-05-16,384.8083731552256,417.5170916723509,380.9602777976883,402.1247863769531,26138400,10401459813.28125
2016-05-23,402.1247067129585,405.9727664315727,386.7323612886317,392.5044860839844,18516900,7338814411.78894
2016-05-30,392.50455804984927,405.9727664315727,386.7324099466135,390.58050537109375,21585000,8592459809.683228
2016-06-06,384.8083798495025,398.27665370369226,380.9602966308594,380.9602966308594,17110500,6651665750.646973
2016-06-13,377.1121708737686,377.1121708737686,348.25146484375,348.25146484375,29749800,10638938689.050293
2016-06-20,355.94774656647303,379.036302908243,334.7833231608073,346.3275756835937,31161300,11261984234.94873
2016-06-27,346.32757671808787,355.94772299503774,325.1630910077702,338.63140869140625,24319200,8307896594.7052
2016-07-04,336.7073545102756,342.4794807889104,323.2389343348011,325.1629638671875,18356700,6097528358.093262
2016-07-11,325.1629638671875,365.56800104383296,325.1629638671875,361.7199401855469,22868400,8141027266.442871
2016-07-18,369.4159855769231,379.0362785852702,363.64390895843,369.416015625,18893400,7050768883.575439
2016-07-25,369.4160274920342,373.2641228551621,340.5554300575399,354.0237121582031,23851500,8520185882.693481
2016-08-01,340.55545043945307,344.4035463686306,319.3909067592642,334.7833251953125,25909500,8645922056.75354
2016-08-08,344.40348464380946,361.7198415016744,338.63135939966884,348.25146484375,21570600,7593840552.79541
2016-08-15,344.4035040690956,348.2515642953926,329.0111574731319,342.4794616699219,24549900,8265207562.875366
2016-08-22,344.4035271422307,346.32755738427863,336.7073059082031,338.63140869140625,13464300,4565086709.536743
2016-08-29,346.3275923007419,369.41603449745264,346.3275923007419,367.4920043945313,22277400,8043909021.551514
2016-09-05,377.1121821016228,405.9728399650024,371.34001542505166,400.2007141113281,47420100,18480921304.852295
2016-09-12,394.4285655653157,404.0487865113872,355.94781366785344,361.7199401855469,34129200,12793032737.988281
2016-09-19,357.87176513671875,390.5804985764027,352.0996398925781,382.8843078613281,21787200,8137087686.383057
2016-09-26,388.6563897489699,388.6563897489699,359.79587452613947,361.7199401855469,26245500,9755612216.99524
2016-10-03,367.4920043945313,398.27672204244016,365.56792038548735,396.3526916503906,33447000,12817458394.454956
2016-10-10,384.8083502740968,413.6690509675017,382.8842850946064,392.5044860839844,43504200,17428081879.504395
2016-10-17,392.5045354682047,396.352630892685,377.112189000542,386.732421875,24097500,9384156724.127197
2016-10-24,390.5804562289514,398.276653879801,380.9602846996984,388.6564331054688,24021900,9337197185.513306
2016-10-31,386.7324374394634,430.9854146610312,361.719871996036,365.5679321289063,67586100,27025732169.293213
2016-11-07,371.3400575584693,375.1881529215973,340.5554494222005,369.416015625,51267600,18399985014.11133
2016-11-14,377.1121821016228,411.7450143211692,375.1881520397101,409.8209838867188,51066000,20175853232.922363
2016-11-21,413.66901712881,427.13731071159526,409.8209216143633,415.593017578125,37400700,15768843432.019043
2016-11-28,409.8209838867188,430.98539409843096,404.04885735310296,427.1372985839844,35309400,14679906738.235474
2016-12-05,432.9094848632813,481.0105194583535,429.06138880996406,477.1624145507813,52676700,24282914100.091553
2016-12-12,486.7826026915574,486.7826026915574,446.3776738034561,457.92193603515625,49950300,22954450139.154053
2016-12-19,448.30178203752337,450.22581222669606,427.1372267362694,436.7574462890625,29206200,12760660097.01233
2016-12-26,429.0612559987047,442.5296568031817,411.7449339196798,417.5170593261719,26012700,11107030281.738281
2017-01-02,425.2132964547216,457.9219871764422,423.28923095561225,440.6055908203125,25331400,11234568088.778687
2017-01-09,438.6814761075199,444.45368642891793,430.98540519292703,434.8334655761719,18699900,8175859181.158447
2017-01-16,432.9094365320223,465.6181147707626,421.3651311851224,461.77001953125,42336900,18939980306.350708
2017-01-23,457.9219361850722,469.466206198959,450.2257805890195,463.6940612792969,29422500,13541716560.60791
2017-01-30,469.4662244791232,479.0863952636718,444.4535716449637,448.3016662597656,47445000,21774200704.953003
2017-02-06,454.0738642824813,459.8460203017332,444.4535716449637,455.9979248046875,21807600,9829439250.714111
2017-02-13,461.7700684156164,477.1622915893026,457.9219727687328,471.3901672363281,32469600,15188537621.759033
2017-02-20,471.3902516632343,496.4027829715963,467.542156328633,475.2383117675781,37015800,17842177799.14856
2017-02-27,471.3903323211603,502.1749704402678,461.7701099537037,492.55474853515625,37714500,18215411170.999146
2017-03-06,494.47881405433566,507.9470965372824,488.7066879573211,494.478759765625,38414400,19056354632.107544
2017-03-13,490.6306762695313,507.9470214843749,484.8585389167153,496.4028625488281,26277900,13068353881.768799
2017-03-20,494.4788321893468,496.4028625488281,461.7700312259413,463.6940612792969,21630600,10240814379.418945
2017-03-27,459.84600146992943,473.31428200658985,450.2257807364159,452.1498107910156,28980300,13229116153.738403
2017-04-03,450.2257690429687,454.0738642824813,430.9853210449219,436.7574462890625,30039300,13182631970.773315
2017-04-10,438.6815795898437,444.4536869948041,419.4410716886316,429.0613708496094,21545700,9332094756.161499
2017-04-17,425.2131963667768,440.6056417396516,411.74497140108303,423.2892150878906,31195800,13145447034.39331
2017-04-24,429.0612862213408,448.3018014119889,421.36523193359375,430.9853210449219,27687600,11992690124.771118
2017-05-01,429.06129807103423,429.06129807103423,415.5930664176432,419.441162109375,10927800,4593625586.087036
2017-05-08,427.1372680664062,429.06129807103423,405.9728877875534,409.8209838867188,32827200,13625358707.455444
2017-05-15,405.9727478027344,411.7448723460446,382.8843547942171,404.0487365722656,35809800,14345890537.17041
2017-05-22,405.9728399650024,405.9728399650024,392.5045282876968,398.2767028808594,21999000,8778265812.469482
2017-05-29,398.276660989796,407.896812804006,384.80839171854416,405.9727478027344,24025500,9499142275.268555
2017-06-05,404.0488484488523,405.9728788409018,386.73240304270536,388.6564331054688,25807800,10076853002.389526
2017-06-12,390.5804562289514,409.8208613804408,390.5804562289514,404.0487365722656,34314900,13699794852.31018
2017-06-19,402.1247058196568,402.1247058196568,386.732421875,386.732421875,27382500,10722021161.782837
2017-06-26,386.732421875,405.9727664315727,386.732421875,402.1247863769531,23133000,9211345029.299927
2017-07-03,400.2006416233975,419.4411246151743,396.3525819047833,417.5170593261719,32571600,13455983428.78418
2017-07-10,423.2891611366131,434.83341130606846,409.8208923339843,415.593017578125,39337200,16556084902.688599
2017-07-17,415.59301757812494,423.2892232649476,405.9727478027344,405.9727478027344,13142700,5396942979.162598
2017-07-24,404.0487180317151,411.7450143211692,400.20062325942416,402.1247863769531,17317500,7041033243.109131
2017-07-31,402.1246882606958,407.8968505859375,398.2766117640904,402.1247863769531,21809400,8835696852.731323
2017-08-07,404.0488097571978,404.0488097571978,390.58049822578414,394.4285583496094,19230900,7627292433.792114
2017-08-14,390.58056524397847,419.4411627971666,388.65649962166526,413.6690368652344,35333400,14384392175.8667
2017-08-21,421.3651428222656,427.1372680664062,407.8969041953932,415.593017578125,28970400,12064075285.308838
2017-08-28,415.59301757812494,425.2132880318423,409.8208923339843,421.3651428222656,27171600,11368967666.583252
2017-09-04,419.4411246151743,421.3651546739191,409.8209343975013,411.7449645996094,27218700,11291280282.211304
2017-09-11,415.59301757812494,432.90935086088587,413.66898757349696,430.9853210449219,28687800,12235966569.589233
2017-09-18,430.9853210449219,459.8460203017332,430.9853210449219,457.92193603515625,32322900,14591848361.846924
2017-09-25,459.845989526622,463.694049535878,443.2992582858745,450.0334167480469,34676700,15754632542.358398
2017-10-02,448.1093170238757,452.3422817579564,441.9524068393727,451.3802490234375,22904700,10281641769.580078
2017-10-09,451.3802490234375,459.8460203017332,445.03089908623633,455.9979248046875,18911700,8543003230.288696
2017-10-16,461.7700771711207,464.2712830634343,437.1422789937807,441.7599792480469,32685000,14727240002.416992
2017-10-23,445.4156086089497,453.3042513414792,439.8359828305161,443.8763427734375,23877300,10650143836.26709
2017-10-30,445.80054676515374,493.3244323730469,444.64612149495457,493.3244323730469,47407800,22315904506.09131
2017-11-06,495.8255973302652,559.511376558945,495.8255973302652,546.0430908203125,65899200,35124814422.20764
2017-11-13,550.2759702611174,553.5468532262424,488.89902388874674,489.2838439941406,53692500,27100176365.093994
2017-11-20,489.4762449008798,497.9421208468408,481.97248171254085,488.1294555664063,24579300,12020679778.31726
2017-11-27,491.2078857421875,517.1824218749999,481.5876129448208,507.947021484375,34457700,17134182547.055054
2017-12-04,509.4864149182552,523.9166740159603,500.250956256312,522.3773803710938,37628100,19426212957.13806
2017-12-11,526.4178094450326,549.6987347617479,518.5292267267433,522.3773803710938,34348800,18235001169.36035
2017-12-18,522.5696841222315,538.1544992425916,515.0660851378292,537.7697143554688,25866600,13615982033.605957
2017-12-25,531.0355126319388,541.040593172759,513.526744792203,528.9191284179688,22770300,11944771619.366455
2018-01-01,528.9191284179688,562.0127016116961,528.9191284179688,560.8582763671875,17946000,9961039907.336426
2018-01-08,560.8582763671875,582.9847570011272,559.896240445713,565.0911254882812,30875100,17597945904.766846
2018-01-15,567.5923465394678,570.093624486537,546.0430805048253,561.8202514648438,29940900,16788339808.026123
2018-01-22,561.0507069131174,568.5542715574564,548.7368485459631,555.8557739257812,25003500,13937408593.83545
2018-01-29,550.2758885112602,553.7391634079679,515.6432311369846,521.4154052734375,34626600,18382444765.55786
2018-02-05,508.1394622253969,511.21795280178674,454.2661530872012,466.1952209472656,35400000,17076531759.365845
2018-02-12,466.1952209472656,470.4283181859779,434.4487014135647,445.4157409667969,23492700,10486122287.521362
2018-02-19,444.2612837714778,457.1522550360818,439.8360068670526,448.8789367675781,27239100,12219789445.925903
2018-02-26,452.1498107910156,457.53717007576427,427.13730768532463,432.717041015625,23717700,10526351026.85852
2018-03-05,426.9448544499139,433.6790355490672,416.1702995084802,418.8639831542969,26353500,11095624687.857056
2018-03-12,427.522111832879,435.79549517650986,418.286756577756,420.7878723144531,22394100,9606717771.450806
2018-03-19,419.0562896516882,421.7500463472978,400.0083923629844,401.5476379394531,23166300,9536902910.046387
2018-03-26,396.7373260680919,422.6272790239988,387.1171425274883,419.3087158203125,29582700,11955497688.327026
2018-04-02,418.13746388550845,423.21290720115206,403.3015311440283,403.6919250488281,19953300,8177342604.812622
2018-04-09,400.17827756217486,431.2164687908518,398.81182702491,427.5074462890625,22631400,9458944367.230225
2018-04-16,432.9732462866015,452.8846823321763,421.8463551053901,450.5421752929688,24254700,10641084033.663942
2018-04-23,452.88462382076347,476.3097162420256,449.5661200886726,455.6175842285156,36585900,16818905756.314087
2018-04-30,455.6175842285156,481.77556385569767,452.1038558512976,478.4570007324219,15383700,7323669237.863159
2018-05-07,481.1899719759677,481.1899719759677,464.9875938815072,479.8235778808594,21723300,10268892463.980103
2018-05-14,483.7276788871436,486.65575917074193,472.4056071297881,481.9707946777344,20559000,9892717339.727783
2018-05-21,480.7996793598113,480.7996793598113,439.6104580993637,442.9289855957031,23210100,10655383853.622437
2018-05-28,441.3673312023875,443.12421128800895,423.0176801592041,436.09674072265625,23392200,10169123055.056763
2018-06-04,441.5625980031288,458.350576763372,440.3913444275237,448.5901184082031,24055200,10833584050.744629
2018-06-11,437.4631858943444,461.0834355610321,432.5829748516293,456.788818359375,28039500,12574671797.662354
2018-06-18,452.1039212584393,453.0799779080618,418.5279728140037,429.264404296875,28638000,12372031578.726196
2018-06-25,431.4116732036819,435.9014539942215,417.7470334595306,429.264404296875,25278000,10886647303.701782
2018-07-02,426.7267009813445,430.8260882047669,401.7399816145741,410.5243835449219,23995500,9924103094.714355
2018-07-09,414.81888702390967,420.8704424198137,405.2537496636147,408.3770446777344,21479700,8826480751.99585
2018-07-16,408.3770446777343,422.8225358384159,406.81540760696976,415.0141906738281,15393600,6425783291.995239
2018-07-23,412.28120114065865,418.527897921032,402.3255067145501,413.8428649902344,26894400,11075768585.577393
2018-07-30,415.9901966081951,428.2884011656385,407.4009238058106,412.8667602539063,34777800,14559819386.07788
2018-08-06,409.9386718651661,421.2607886885161,405.4489027749808,409.3530578613281,26332200,10894348502.380371
2018-08-13,405.253699337932,408.57226274037305,391.5891432868229,401.9350891113281,27389700,10898527000.323486
2018-08-20,401.9350622846279,403.301644022569,392.7603749333094,393.5411987304688,17295900,6868386162.854004
2018-08-27,393.9315777047071,423.9937645769258,392.5650915561045,409.1578063964844,33354600,13625723374.621582
2018-09-03,406.81544673334463,408.3770944389409,385.1471748793258,391.1986389160156,23859900,9459715144.94934
2018-09-10,389.0513552112158,405.6440795930015,389.0513552112158,404.86322021484375,22111200,8778281131.375122
2018-09-17,404.8632202148438,427.7027358679476,399.7878214288243,426.7267150878906,24555600,10234305149.057007
2018-09-24,426.7267150878906,426.7267150878906,408.139595056854,419.1226501464844,22956600,9536719676.119995
2018-10-01,417.94589339775087,424.8103418002944,410.2969829330739,410.4931335449219,22424100,9327051262.454224
2018-10-08,410.49313354492193,412.8466162411175,393.0378568531546,401.8634948730469,23481600,9443785455.688477
2018-10-15,399.90227398138273,409.31640625,369.1103442460218,373.22900390625,45349200,17483327980.80139
2018-10-22,370.8755500255097,375.778741100496,346.94807983926614,352.0473937988281,32375700,11666326016.674805
2018-10-29,352.04732856337495,370.4833148696977,349.6938431051932,366.3646545410156,32625900,11755222680.60608
2018-11-05,364.20723371399606,387.9385771224298,361.8537136253757,378.9166870117188,29302500,11008686568.148804
2018-11-12,375.19038682804967,378.91678213515263,363.6188130724161,368.3258972167969,18044400,6707214655.783081
2018-11-19,368.7182006835937,373.4252413905678,357.53895083657227,363.2265625,13077300,4784022614.4104
2018-11-26,364.5994947887533,386.1734442583882,364.5994947887533,377.9361267089844,25511400,9583110931.054688
2018-12-03,387.3501457298409,399.7061254438303,365.5801600858061,370.2872009277344,32672100,12455618264.657593
2018-12-10,366.7568729577631,378.9166912078857,357.5389710767716,372.8369140625,21998100,8150656468.899536
2018-12-17,370.2871756941976,377.15162175818335,329.29672492359526,334.984375,33087000,11614625107.589722
2018-12-24,334.984375,342.04495868764445,314.58715874683253,331.6502380371094,25223100,8265461237.713623
2018-12-31,331.6502380371094,331.6502380371094,320.4709885074142,331.06182861328125,5136900,1700631507.4035645
2019-01-07,338.906971126219,352.6357926283649,335.9650703351928,351.0668029785156,24973800,8662269443.1427
2019-01-14,346.94810349568473,359.50022293521005,344.2022913152521,354.7931823730469,15897300,5588771660.018921
2019-01-21,360.48081965812287,364.9917089795634,351.4589928797882,358.7156982421875,15936900,5701260736.212158
2019-01-28,361.65759400079776,365.58010348721285,344.39837694827713,348.9093017578125,26138700,9248507350.29602
2019-02-04,347.92868591727444,360.67694643924114,341.8488003941444,345.5751953125,22435800,7890085511.416626
2019-02-11,340.8682128117833,354.9893094219401,337.9263121375968,345.9674072265625,19897200,6939930355.444336
2019-02-18,352.63572040098546,363.61881895781113,350.28225360276963,353.4203186035156,25309800,8985893087.576294
2019-02-25,354.7931189636884,355.7737642094993,336.7495135109562,340.08367919921875,20904300,7241445607.974243
2019-03-04,341.0643627997058,343.81011281567777,320.2748336655951,324.3934936523437,26797500,8920755522.702026
2019-03-11,325.9625979384232,331.454084387329,320.4710619293391,322.4322204589844,15471600,5018849429.452515
2019-03-18,325.9624595998545,325.9624595998545,319.8826791860859,324.3934936523437,10434600,3371058639.1845703
2019-03-25,319.2942870434623,326.5508692741138,313.80271537368867,320.0560302734375,17814000,5704275372.427368
2019-04-01,323.6078618084075,345.3131856906408,323.6078618084075,343.1426696777344,19918500,6683393758.43811
2019-04-08,345.3131887717366,347.0890852330724,337.02565933700726,345.1158752441406,11019000,3776103333.343506
2019-04-15,348.4703691009656,363.6640827047056,347.87840360200056,358.73114013671875,20752500,7381987289.273071
2019-04-22,361.0989220052616,381.02856176906806,358.33640454744585,374.1222839355469,30678900,11355656949.124146
2019-05-06,372.5436215774138,374.3195181359884,341.76142314403825,345.9051818847656,28857600,10182493301.138306
2019-05-13,343.14272312529056,343.7346886993246,320.845261298315,338.0123596191406,24851700,8347694098.562622
2019-05-20,339.788194362158,342.74802183918024,323.0158326972249,327.7515563964844,20862300,6972497997.335815
2019-05-27,327.35692307025664,328.54085407593567,319.6613564221035,324.1997985839844,19399500,6294994261.798096
2019-06-03,318.0827757856966,331.3033832616421,316.30687932759275,321.0426330566406,27408900,8861482206.829834
2019-06-10,323.0158578862185,326.9623100646111,308.0193866248262,313.3470764160156,22595700,7215351052.478027
2019-06-17,313.7417257357477,331.10604059239705,312.7550630375121,325.7783508300781,24330300,7793301495.675659
2019-06-24,327.9488375435342,342.15608539768255,327.1595623727968,341.1694641113281,22636200,7552923939.770508
2019-07-01,349.8515770370896,368.39990234375,348.8649559212232,368.39990234375,29778300,10686347025.723267
2019-07-08,368.9918374082322,369.781148873878,353.00878737310364,357.3498840332031,23704500,8509803227.737427
2019-07-15,354.19271033157713,360.3097450490083,347.6811169132377,353.99542236328125,16069800,5681360420.663452
2019-07-22,355.7712908905333,371.7543697827792,352.4168074408964,366.82135009765625,22034400,8043722117.76123
2019-07-29,370.9650989368554,374.91151363916,333.8685854459063,336.631103515625,32094900,11423060203.720093
2019-08-05,332.6846094222328,333.0792651305967,317.8854844610952,320.4506225585937,27157500,8803364585.321045
2019-08-12,316.8989276193211,323.80513958010187,305.8488894564526,309.5979919433594,18619200,5823813550.286865
2019-08-19,313.1498083269542,320.25337646256634,309.59801465972976,317.2935485839844,19947300,6298197502.642822
2019-08-26,306.83544129979566,313.9390999642096,304.2702694890472,312.9525146484375,22181100,6878082347.717284
2019-09-02,314.33372339090613,339.39357335885865,313.14979222935847,335.6444702148437,27358200,8943278963.259888
2019-09-09,333.47389709301785,367.4133078154837,332.4873119815276,364.2561340332031,33767700,12046566403.555298
2019-09-16,356.9552491124677,370.9651425306223,350.04897188429976,366.4267272949219,22931400,8394503362.994385
2019-09-23,362.6775688992438,371.8145040397803,355.96855326323595,367.4261474609375,21902700,7996815410.9436035
2019-09-30,366.4287727005305,370.0192561669188,357.45252094905413,363.6361999511719,21417600,7810043499.133301
2019-10-07,368.0245896482696,373.0113703742418,353.2637075451341,372.0140380859375,22622400,8267073427.3498535
2019-10-14,379.59386677305247,388.37066569706514,377.5991659738373,384.7801818847656,22059900,8424810107.647705
2019-10-21,381.9876103024791,397.5463225113206,380.9902779353576,395.5515441894531,20115900,7917281390.405273
2019-10-28,399.7405484793172,404.3283628974862,381.1896982043071,396.1500549316406,29183400,11569173133.465576
2019-11-04,406.5225209631735,412.107837117244,401.73520948362966,403.3310852050781,23338500,9455491816.177368
2019-11-11,403.72999863094697,408.3178150366024,390.96379994752175,397.745849609375,24163800,9631327261.010742
2019-11-18,398.1447402466377,399.1421090156428,372.2134704589844,372.2134704589844,27691500,10560656933.551025
2019-11-25,376.00346686118746,387.5728538170562,374.4077222892713,374.806640625,19453200,7369310053.042603
2019-12-02,377.0007615284864,394.3549005100609,375.4049759576966,392.3601989746094,19515600,7543975978.45459
2019-12-09,396.5489501953125,402.5331138226301,390.3653616738327,402.3336181640625,23446200,9301327945.98999
2019-12-16,403.72996329327407,406.3230285644531,391.3626920473975,395.3521728515625,16874100,6735364641.503906
2019-12-23,395.5516349501282,400.3388656300796,386.7748718261719,399.9399108886719,13063500,5145900952.267456
2019-12-30,395.7510628497094,396.9478906975657,392.5595340968552,395.1526489257813,2323500,918137179.7790529
2020-01-06,388.9690419462856,390.76428367834535,372.8118948814197,383.3839111328125,19910700,7577880148.0407715
2020-01-13,382.9849754949535,386.1765047826469,375.4050314342456,383.7827758789063,11687700,4462657396.1883545
2020-01-20,385.9770202636719,388.9690901881965,367.4261474609375,367.4261474609375,16500300,6206896693.8446045
2020-01-27,355.4579256808981,368.62301565701847,352.0668492780084,353.8620910644531,27263100,9784220479.724121
2020-02-03,341.69438937581185,360.24524771299525,340.0986065559771,358.6494445800781,23616300,8305114603.921509
2020-02-10,351.2689871755587,356.2557578965306,342.29276299614446,346.880615234375,17685000,6179588888.241577
2020-02-17,342.29274731964824,355.6573118307497,339.8990917439864,345.4842834472656,20877900,7232436158.157349
2020-02-24,328.1303167492422,330.52397264412855,304.39326222532816,307.9837646484375,31464000,10026043658.19397
2020-03-02,305.39062649151634,322.5451632999384,300.40383692268193,302.9969787597656,33117000,10245034007.44629
2020-03-09,295.01809520049824,295.01809520049824,228.19518717782964,234.7777404785156,60589500,15849072373.35205
2020-03-16,239.1660997954251,253.32857677419184,217.62320313353925,252.5306854248047,48875400,11604599545.413208
2020-03-23,254.32592040126764,289.23344393229985,238.1687442816577,262.5042419433594,54338700,14300648878.390503
2020-03-30,256.6303113600661,273.4419393688799,252.57935327683435,255.82009887695312,35190600,9202879921.481323
2020-04-06,253.38951721191407,284.3796024752302,249.9461806333624,282.1515808105469,31540800,8700905542.575073
2020-04-13,279.51844907610604,280.12609787844536,255.41505090967263,269.9985656738281,27761700,7429904765.716553
2020-04-20,265.94760267478665,279.92352294921875,257.44050448975065,276.48016357421875,26881500,7303603839.587402
2020-04-27,278.7081937386261,304.83712363484454,266.1502017329024,269.1884460449219,32255400,9138843481.137085
2020-05-04,264.327223949973,277.89806200884544,260.6813312058354,277.4929504394531,11019300,3000544986.1358643
2020-05-11,283.3668912320364,296.1275157911464,276.07512095344174,281.74639892578125,31914000,9093235692.938232
2020-05-18,281.94904346955127,306.66009171593095,280.5311900868725,293.8995056152344,21401700,6296740410.159302
2020-05-25,301.79891560306424,333.1940831820012,297.74792954567124,314.5594787597656,35742600,11292568014.633179
2020-06-01,313.3442036953758,331.1685697825283,308.6855111929087,330.7634582519531,26151600,8388098896.765137
2020-06-08,336.0297905395216,336.4349021071587,295.5198702897311,308.4830322265625,28977900,9290391399.957275
2020-06-15,303.21676148988394,330.3584191582185,297.950477892492,319.8257751464844,29139600,9266894350.241089
2020-06-22,315.7748107910156,322.4589671870382,300.5835718622972,307.8753662109375,21400800,6667982687.265015
2020-06-29,300.58357839058374,316.5850101242466,297.95039897635496,302.2040100097656,21419700,6491124931.658936
2020-07-06,302.4065196446305,312.53397221741426,296.7351446899818,296.9376525878906,21142800,6418062129.272461
2020-07-13,303.014181370064,311.3187299398029,299.57083266505583,301.19122314453125,17463300,5312577955.6640625
2020-07-20,302.60909113664576,303.01418414024465,289.44336731574367,289.6459045410156,15903000,4671535046.328735
2020-07-27,281.138815309164,295.92491523324185,274.04958448859753,275.4674377441406,28947600,8234885318.5546875
2020-08-03,282.55668161304425,320.83852832941363,282.55668161304425,316.5849914550781,42574500,13205719023.706055
2020-08-10,324.0793154258212,334.2067919277996,321.24364603296266,329.14312744140625,24606000,8107548159.988403
2020-08-17,329.345646016738,333.39656267976926,323.6742006952003,327.5226135253906,21416400,7057444049.194336
2020-08-24,327.5226664605541,337.6501702341428,321.85129065938014,330.9660339355469,25559400,8437051818.521118
2020-08-31,336.63742600545936,343.7266500204691,333.19408374194234,342.5113525390625,27015900,9134985169.665527
2020-09-07,340.4857927274798,390.11049620439024,340.28325553325857,389.907958984375,41545500,15275182722.198486
2020-09-14,376.5396861008069,382.4135992659984,366.0071145104604,375.5269470214844,35533500,13264389839.785767
2020-09-21,378.5651881231476,390.5155912471935,376.5396706335868,382.008544921875,19934400,7619330535.360718
2020-09-28,383.02123835405433,384.0339986033116,366.6147225909382,374.7322387695313,23888400,8958727230.48706
2020-10-05,381.4897873218243,402.9907289677991,376.9848017326216,401.96685791015625,26150100,10193609708.624268
2020-10-12,405.0385035470957,405.448059539856,387.2233358033868,389.0663146972656,19361100,7614079562.475586
2020-10-19,393.7760704303676,415.6866652334646,393.36651443710457,413.2294006347656,23617500,9623083375.772095
2020-10-26,411.3865321572418,415.27718360795353,389.0662719703749,392.1378479003906,24370800,9757287343.52417
2020-11-02,390.4997314285435,414.4580207489316,390.2949346863553,412.4102783203125,25550700,10334036838.308716
2020-11-09,416.91534501733264,440.2592688658862,414.0484727327017,417.1200256347656,25951500,10933151228.192139
2020-11-16,427.1538164741998,446.4024046531694,422.034577577787,434.1160583496094,26141100,11319005949.911499
2020-11-23,445.7880024082203,474.04656524007663,440.25916652049926,471.17974853515625,27344700,12663561747.79358
2020-11-30,477.1181283945396,499.0287331230182,461.7602659626392,495.7523498535156,27239400,13179117061.001587
2020-12-07,501.6908163399692,507.0148570168389,473.4322533649664,478.9610900878906,25208700,12320811272.177124
2020-12-14,474.45612132314153,485.9233619907793,465.6509109337395,481.41839599609375,22437900,10709267205.752563
2020-12-21,486.12805216598673,496.77625960003024,446.60714377998215,489.8139953613281,24526200,11586671993.591309
2020-12-28,490.2235687340605,495.3427904026554,479.16589425133736,491.86181640625,13151400,6400414116.851807
2021-01-04,493.4998669947841,538.3448702223307,480.1897292664172,525.6490478515625,28185300,14502488215.750122
2021-01-11,536.0924246867827,559.0268062244762,526.4681404647262,529.9492797851562,26155500,14123424598.187256
2021-01-18,519.0963254424075,540.802089160239,515.4104343741774,539.1639404296875,21331500,11278264522.924805
2021-01-25,548.3787327768995,549.6073632181511,486.9472444717657,492.6806945800781,31877700,16006298312.695312
2021-02-01,494.72852396320303,579.5040094955805,494.72852396320303,570.4940795898438,47549400,26072282550.0
2021-02-08,580.7326215873284,611.6532078280832,568.036843111135,572.5418090820312,31477200,18649244530.004883
2021-02-15,582.7803682620395,600.5954282183197,570.289267474348,596.090576171875,28297800,16554858494.458008
2021-02-22,606.3291061641933,646.054816404587,606.1243469278636,625.57763671875,30140100,18955178675.006104
2021-03-01,621.4823164509844,654.2456910915284,606.3291934115215,648.1025390625,28887000,18413385722.314453
2021-03-08,657.317261609791,713.6295466769615,635.8161627508242,712.605712890625,38697000,26202035131.695557
2021-03-15,721.8204551665381,806.8007031553236,718.748878761574,805.7767944335938,57062700,44148947141.60156
2021-03-22,820.1108508796269,843.6596269001875,732.058939267895,813.9675903320312,76240800,60572882637.70752
2021-03-29,818.0631744781919,819.0870832941705,759.5169884864661,782.7244262695312,54978900,43312773525.823975
2021-04-05,797.4928553832028,880.8287049703273,784.8342386310885,876.6091918945312,55878900,47025788523.028564
2021-04-12,886.1031525745474,894.5422559721355,792.2183978988907,812.2612915039062,59952300,49069746865.17334
2021-04-19,816.4807995000351,870.2799987792969,803.8221885768179,854.4567260742188,41617200,34972708014.51416
2021-04-26,853.4016684681926,909.3105774611236,833.358809529291,905.091064453125,43728600,38547807940.90576
2021-05-03,905.0911980601448,964.1646658125726,905.0911980601448,962.0548706054688,26901600,25540668013.69629
2021-05-10,963.10967476063,978.9329447581324,880.8287859939421,910.3656616210938,72762900,66857680979.82788
2021-05-17,925.1338911610684,948.3414219970508,888.2129149471585,918.8046264648438,37994700,34987181496.09375
2021-05-24,928.298342529506,982.0976724004902,915.639883351148,949.3961791992188,49630200,46977916030.2063
2021-05-31,949.3962588896388,1028.5126813619324,931.4631926899236,1022.1834106445312,39254700,39075487941.41235
2021-06-07,1033.7870619412977,1107.6289368812706,1025.3480197054446,1103.409423828125,44492700,47483396759.399414
2021-06-14,1128.726806640625,1204.6784406944157,1069.6530669456306,1088.6409912109375,62722500,71062695666.97998
2021-06-21,1046.4456591886135,1223.666208491319,1040.116350921872,1175.1416015625,60944100,71144496389.61182
2021-06-28,1181.470876540665,1202.5685969785202,1103.4094186416282,1162.48291015625,49253400,57594422959.020996
2021-07-05,1143.4950586365617,1198.3490559385211,1073.8726786840332,1126.616943359375,50938500,58545539970.81299
2021-07-12,1145.6047230232653,1147.7145180646205,1073.8726786840332,1126.616943359375,45384300,50412913371.64307
2021-07-19,1109.738775974714,1158.263556461203,1105.519185492447,1128.726806640625,26325900,29529626155.041504
2021-07-26,1166.7025687086193,1248.9835371273207,1109.7387045151472,1240.54443359375,56460900,67571158023.59619
2021-08-02,1301.7278005878186,1719.462185674158,1276.410489956293,1639.2908935546875,244381200,377564695626.12305
2021-08-09,1630.8516782471395,1746.8891199642478,1588.6562989213085,1696.2547607421875,110604000,184131152228.4668
2021-08-16,1723.6815604722997,1808.0726417788253,1512.7048585993764,1538.0220947265625,181383600,304077538243.13965
2021-08-23,1538.0217799389457,1759.547607421875,1516.924138992403,1759.547607421875,150621900,250308986564.7583
2021-08-30,1835.499213864361,1894.5730315976768,1767.9866766005894,1886.1337890625,144954000,267967566463.0371
2021-09-06,1928.329235320122,2113.988818409124,1911.4510290303565,2084.452392578125,143911800,298231841426.3672
2021-09-13,2097.1106801212904,2259.563301819049,2040.1469077329689,2183.611328125,153556500,328147421003.3203
2021-09-20,2078.1230598754846,2320.7463469849818,2078.1230598754846,2318.636474609375,84838800,187990363778.75977
2021-09-27,2381.9293678872696,2384.039240096785,1739.476641787561,1789.0528564453125,266903700,520177787269.4092
2021-10-04,1782.5860233242583,1821.3847506188197,1508.8393655878117,1592.9034423828125,351796500,573470195177.7832
2021-10-11,1642.479698835744,1694.2113428935627,1517.4614308986468,1614.458251953125,174335400,282279451602.5757
2021-10-18,1601.5254868488248,1786.8969042255674,1588.5925762090562,1674.811767578125,154368600,259580375554.79736
2021-10-25,1661.8790632501782,1786.8967497038295,1627.390988399307,1763.1865234375,126925500,217785761711.35254
2021-11-01,1810.607410011574,1927.0033484416413,1586.4368177367555,1605.836181640625,162046800,278541881920.7886
2021-11-08,1597.2143694534798,1681.2782592371277,1588.5924821615465,1672.6563720703125,87057600,143838732807.75146
2021-11-15,1676.9671864742863,1683.4336411237662,1541.171572686584,1569.193115234375,74271600,118919645317.05322
2021-11-22,1567.037478983119,1642.4795031891642,1562.726614405801,1588.592529296875,51250500,82722467483.1665
2021-11-29,1567.0373147303037,1795.5189048580278,1567.0373147303037,1758.8756103515625,108806400,183173653334.2163
2021-12-06,1806.2962845475968,1849.4059093763667,1696.3665551970494,1750.2537841796875,104479200,184135596496.91162
2021-12-13,1776.1197744781714,1868.8055053333744,1676.967344885375,1821.3848876953125,96228600,172677750751.68457
2021-12-20,1819.2291980316525,1916.2262961129536,1789.0525147619512,1890.3604736328125,86152800,160125845254.46777
2021-12-27,1905.448667314864,1916.225986357817,1842.939817231277,1888.2047119140625,52410600,98713378350.36621
2022-01-03,1903.2929072231984,2036.9329611887272,1901.137475181597,2011.0672607421875,87202800,172865518540.68604
2022-01-10,2026.155538638845,2116.686045015984,1976.5794964413235,2105.908935546875,77721300,161146958437.20703
2022-01-17,2123.1525861874866,2129.619040924984,1717.9214091534575,1804.1407470703125,134471100,255859751978.9795
2022-01-24,1765.3422943089215,1879.5829825637868,1720.0770021360015,1789.0528564453125,131172000,233860435712.4756
2022-01-31,1804.1406111706517,2120.996885936581,1773.96377413028,2112.375,230060100,463461797240.5884
2022-02-07,2118.841561393247,2127.463447767151,1985.2017209325024,2103.7529296875,122351100,251114700451.68457
2022-02-14,2047.7104349971423,2228.771287425406,2028.3110734799247,2215.83837890625,144408000,310047200113.98926
2022-02-21,2185.661731647963,2209.3721186390967,2082.198162413351,2198.5947265625,141104700,303519099831.7383
2022-02-28,2226.6157549981763,2621.0696021103454,2185.6615962526907,2565.027099609375,212592600,520459483809.1553
2022-03-07,2629.691622915737,2662.0237384485326,2276.191754431568,2545.627685546875,198290100,493411539285.35156
2022-03-14,2586.58203125,2692.2008787330137,2504.673367745219,2672.801513671875,157137300,409520895185.2295
2022-03-21,2687.889484854461,2687.889484854461,2241.704387961768,2386.121826171875,168840600,414486557754.78516
2022-03-28,2340.856689453125,2632.761152278121,2263.259230134237,2433.603759765625,241945200,593862882158.2764
2022-04-04,2368.0278857902545,2506.466439113377,2200.444186916599,2224.731201171875,144366600,337547304665.33203
2022-04-11,2232.0180493785338,2304.879905898007,2105.7232817551185,2278.163818359375,106995900,236857467456.958
2022-04-18,2280.592651637135,2438.461287557993,2249.019010750286,2368.027587890625,102926100,245925540207.93457
2022-04-25,2295.1650148769318,2402.030206069764,2215.016853534939,2297.593994140625,98858700,229091256921.0205
2022-05-02,2319.452761948928,2423.888843659414,2312.166522719888,2382.60009765625,43803600,104258042524.21875
2022-05-09,2382.6001722547744,2426.3176066080728,2219.873871513227,2355.884033203125,133661400,311510501647.4121
2022-05-16,2382.600394783678,2484.60747213453,2302.4516160436137,2426.317626953125,124722000,299560225841.1621
2022-05-23,2460.319800790684,2797.916031167109,2443.31845989901,2746.912353515625,137682000,359786544005.4199
2022-05-30,2793.058167083289,2795.487031958224,2579.328147507066,2632.760498046875,120133200,316238795526.26953
2022-06-06,2635.1896470562265,2666.7632878905174,2324.310187010225,2382.60009765625,101576400,251056230720.62988
2022-06-13,2309.7374194633767,2382.600008307843,2236.8753609035325,2263.591552734375,76125300,176530494992.65137
2022-06-20,2261.162805593494,2290.307806205902,2137.296439212992,2219.874267578125,76365900,168963834780.68848
2022-06-27,2256.305493161092,2380.170932935173,2205.3012139844723,2217.44482421875,70016400,160617763392.40723
2022-07-04,2205.301738898514,2324.31019855142,2156.726509281236,2268.448974609375,74521200,166831122561.03516
2022-07-11,2304.8805018603416,2338.88237112853,2232.017853817238,2314.594970703125,44418600,101342195490.38086
2022-07-18,2338.8831495209506,2562.3272028391034,2338.8831495209506,2516.180908203125,69178800,169728156505.15137
2022-07-25,2516.1812349904067,2564.756122184023,2436.0326392890124,2525.896240234375,55878600,139832803477.0752
2022-08-01,2555.041159528069,2683.7645843119426,2547.754920649079,2654.61962890625,92489700,242938330130.93262
2022-08-08,2654.619399369643,2693.479728396561,2596.329493598404,2681.3359375,51167700,135407654684.98535
2022-08-15,2654.6198708243974,2657.048735920677,2501.6087564520712,2603.615966796875,77554800,199511786449.21875
2022-08-22,2552.6122711509383,2661.905894172723,2542.897345363927,2649.762451171875,52510200,137661660529.10156
2022-08-29,2586.614664483972,2652.1911836148247,2494.322355846038,2496.751220703125,81083400,207689032644.06738
2022-09-05,2477.3212230141685,2530.753790155341,2285.4502193605827,2453.033935546875,127886100,305130526367.28516
2022-09-12,2460.320406959643,2489.465366655565,2360.7415102090563,2377.74267578125,71956200,174745991595.1172
2022-09-19,2331.596435546875,2370.456160254765,2283.0214505107515,2334.02490234375,53184900,124520367069.28711
2022-09-26,2304.880284671447,2324.309888722441,2000.4728966796877,2037.641357421875,150366700,321507896408.91113
2022-10-03,2006.2549042299925,2244.1307943643737,2000.4731898085804,2116.93310546875,97776100,210248895591.79688
2022-10-10,2110.325450912014,2208.614767651828,2076.461321915643,2188.791748046875,49796000,107273694650.8789
2022-10-17,2200.355040667808,2271.387523211889,2191.269490574961,2212.74462890625,63453500,141845255884.81445
2022-10-24,2252.39072940571,2372.9806329900566,2178.8802140604307,2183.010009765625,70478400,160945125348.68164
2022-10-31,2221.830039771675,2262.7149622787097,2066.54960198315,2116.93310546875,64738200,140698545377.00195
2022-11-07,2156.5795662172377,2278.8211469714934,2143.777198053175,2253.62939453125,62062900,136825585949.07227
2022-11-14,2258.585357598648,2310.6208015443262,2222.6561335885763,2243.30517578125,48548800,110550194229.54102
2022-11-21,2230.0899537601395,2448.555639756464,2214.809707780672,2434.5146484375,51537600,122778164050.36621
2022-11-28,2435.340282279642,2569.5586827736533,2393.2163703256783,2511.741455078125,75105700,187077841395.1172
2022-12-05,2505.9598938292947,2533.216390241568,2452.272879626505,2511.741455078125,45721800,113903388852.92969
2022-12-12,2519.1752102657165,2676.107505128928,2515.8713739243844,2654.632568359375,58232000,152141792189.13574
2022-12-19,2659.588636256266,2705.016392465612,2561.298978198079,2617.464599609375,70032000,183155433221.3623
2022-12-26,2635.635669638456,2667.8480199917526,2524.956855145972,2568.73291015625,48027800,124666506998.53516
2023-01-02,2487.788799844153,2489.4407180379408,2360.177841491434,2452.685791015625,50425900,121399013833.34961
2023-01-09,2453.098662697433,2550.5619953526684,2404.780052674605,2524.130859375,34202700,86254079910.37598
2023-01-16,2492.744460449219,2628.2019670978284,2467.1397294108074,2626.550048828125,43738600,111879263434.96094
2023-01-23,2633.1574018429487,2683.541480109693,2469.6175745913856,2510.91552734375,65088900,168847686732.86133
2023-01-30,2482.007146544887,2663.718152783581,2479.529269193927,2563.777099609375,69517000,178703667279.0039
2023-02-06,2593.511448748325,2683.541278645629,2588.5556943876595,2643.895263671875,48152600,126860257030.46875
2023-02-13,2664.544061370784,2771.918976748789,2657.1104294574748,2771.093017578125,47286400,129241990183.39844
2023-02-20,2774.396447266212,2969.322998046875,2748.7917167317514,2969.322998046875,57291400,164630492679.90723
2023-02-27,2969.3229883938684,3075.87174792522,2787.611917703872,2895.81298828125,94447100,274830742402.53906
2023-03-06,2907.376287534916,3030.4441574523657,2792.567919418492,2804.13134765625,95637500,276290262095.6787
2023-03-13,2746.314107342741,2844.60324381606,2693.4526823938218,2737.228515625,79534500,220705863676.61133
2023-03-20,2695.9302884615386,2766.1370809824043,2627.3756886017627,2729.794921875,42803600,115036682685.57129
2023-03-27,2742.184354684649,2820.5799004785763,2672.44954777474,2691.619384765625,86422400,236208539870.55664
2023-04-03,2643.6945998604274,2840.621184875584,2626.2674765917363,2758.713623046875,61613500,169428179883.08105
2023-04-10,2810.1237848082865,3010.535415622597,2800.538866472506,2943.44140625,62939700,184217540897.02148
2023-04-17,2993.108587193722,3049.7468218514286,2934.7274004592064,2953.02587890625,46516100,139715116361.88965
2023-04-24,2919.043217873086,2919.043217873086,2725.6021436202386,2790.953857421875,52923200,148599120154.19922
2023-05-01,2738.672614160031,2743.900751508093,2679.42039088199,2704.689697265625,22936300,62172539270.4834
2023-05-08,2701.204109615346,2847.591914321437,2659.378984855883,2713.403076171875,78670400,217186161324.85352
2023-05-15,2716.017181239581,2722.116674428121,2588.7992312143224,2640.209228515625,45024200,119163005930.51758
2023-05-22,2632.366986438278,2689.8766362463125,2552.637939453125,2552.637939453125,35695100,93152688535.86426
2023-05-29,2586.184712228351,2650.665563964844,2575.2933665441446,2621.91064453125,35551700,92868815039.42871
2023-06-05,2657.636491918147,2723.859682068344,2640.2092102312563,2680.29150390625,36153100,96868100413.23242
2023-06-12,2640.2092341252496,2684.6486580141127,2584.442265820802,2647.179931640625,41154500,108422564602.00195
2023-06-19,2626.267516846028,2675.063543735158,2599.691334230929,2648.922607421875,24368100,64211301776.97754
2023-06-26,2655.022321035809,2812.7376401062675,2653.279608649176,2779.6259765625,47519300,131570778268.26172
2023-07-03,2797.0530989743247,2962.611188327233,2797.0530989743247,2920.785888671875,42715900,123966599768.99414
2023-07-10,2915.5579744116662,2948.668958457972,2823.1938436208675,2912.943359375,26936000,77298210293.31055
2023-07-17,2888.545921060569,3027.091387444861,2874.6042212907446,2977.424072265625,25944100,77262933151.80664
2023-07-24,2978.295202465192,3048.004187123453,2942.569601733456,3046.261474609375,25987100,78310669444.16504
2023-07-31,3049.7465554080263,3359.078297221745,2987.0089119824897,3327.70947265625,82015400,263043810228.1494
2023-08-07,3290.2410696833463,3433.1429953835227,3279.7847950974883,3345.13623046875,37519900,126233601831.00586
2023-08-14,3343.3935203835413,3375.633791525294,3236.2168713411115,3283.270263671875,33672800,111082924431.95801
2023-08-21,3311.1535461473954,3389.5756472135013,3263.228991438948,3356.464111328125,29620800,98627244789.47754
2023-08-28,3379.1194638428174,3461.8982240157397,3357.3353341849142,3448.827880859375,28631900,97420847675.19531
2023-09-04,3474.9686378175625,3587.3730338647542,3312.024508554756,3416.587646484375,45464100,158534117595.80078
2023-09-11,3433.1432170794656,3664.923935288649,3386.9613413167217,3624.841552734375,33238900,117259322232.51953
2023-09-18,3616.999903279752,3874.0492130227576,3613.514478174207,3655.33935546875,40164800,151163109982.6416
2023-09-25,3659.6957517035776,3659.6957517035776,3399.5352298817065,3436.678955078125,36067600,127720222597.85156
2023-10-02,3437.5634406594672,3523.3476859102125,3332.322762812252,3494.163330078125,31587300,108225440603.02734
2023-10-09,3544.573056243187,3676.344858982767,3477.3601225379866,3505.660400390625,27806600,98852321024.75586
2023-10-16,3482.666278468429,3541.034987046112,3303.138453330273,3416.33837890625,28909200,98827148590.99121
2023-10-23,3408.379226520497,3448.176077893985,3224.4290444363555,3427.835205078125,30006700,100176770894.65332
2023-10-30,3366.8134352119805,3436.679495480776,3240.348345713217,3345.58837890625,31408100,104764332874.09668
2023-11-06,3222.660618717828,3278.375870391408,3060.8198591653204,3265.99462890625,54868100,173857114930.76172
2023-11-13,3275.723327653318,3360.622752723473,3212.932734709639,3358.85400390625,22435700,73806629740.55176
2023-11-20,3329.6699244653514,3510.9663495614973,3319.057430682195,3499.469482421875,19996600,68761654531.22559
2023-11-27,3510.966912581457,3566.68250842343,3414.5695978941244,3530.423095703125,25506300,89649764932.39746
2023-12-04,3548.994747240946,3625.050906627636,3400.419639372128,3416.33837890625,26575000,93851694829.19922
2023-12-11,3451.713387505384,3503.8916273533187,3276.607421875,3458.78857421875,24834700,84794402728.07617
2023-12-18,3625.93533181972,4059.2783203125,3582.6009827321186,4059.2783203125,59537900,228864676954.83398
2023-12-25,4109.687715970553,4130.028326572517,3775.394202599159,3865.6005859375,44761400,173488826426.78223
2024-01-01,4085.81011537064,4260.915486704957,4019.4820290821553,4207.85302734375,20966800,87915451180.66406
2024-01-08,4111.456651754633,4186.628476964171,4082.272474614846,4163.63525390625,25158300,103812284655.0293
2024-01-15,4175.131645867619,4630.58485221445,4175.131448953788,4402.416015625,42220300,186812753341.3086
2024-01-22,4340.51001560631,4575.753708383111,4252.072566225578,4395.34130859375,35153200,155934989680.7129
2024-01-29,4420.987733488092,4579.291271254596,4375.000226367188,4421.8720703125,31629200,141833002527.83203
2024-02-05,4482.894320719653,4513.847428083075,4057.509818544274,4063.700439453125,41098600,173842907725.41504
2024-02-12,4061.9316068536855,4301.5968114117895,4039.822246920887,4215.8125,23910300,100707126759.375
2024-02-19,4222.887986623631,4404.184990566951,4178.669264250609,4280.37255859375,23497400,100326790021.77734
2024-02-26,4255.60985503635,4312.209805817137,4135.334789966617,4238.80615234375,33673100,141840762443.01758
2024-03-04,4227.309690992371,4233.500311878761,3976.147828811813,4023.904052734375,30421800,124145137293.67676
2024-03-11,3997.3723230079177,3998.256697415663,3753.285436850616,3819.613525390625,30922700,118981493847.77832
2024-03-18,3877.981571103628,3946.963271004061,3719.678685280874,3753.284912109375,27572100,104921381628.58887
2024-03-25,3754.169595614877,3868.8883963196536,3648.040913359605,3666.970703125,25618800,95066501850.83008
2024-04-01,3708.4360608552633,3726.4644325657896,3547.983464673913,3676.88623046875,23777400,86483453376.95312
2024-04-08,3713.844339892352,3734.576966061654,3642.632440353424,3670.576416015625,14193200,52317677961.76758
2024-04-15,3697.6183959611167,3815.704793950721,3613.787057989791,3743.59130859375,25171900,93244172035.30273
2024-04-22,3760.7183388157896,3853.5639893991374,3697.6184988341633,3790.464599609375,17806600,67137659014.453125
2024-04-29,3966.24172567734,4042.862304468834,3849.95850982488,3862.578369140625,18110200,71865186097.68066
2024-05-06,3853.5641341259256,4204.215663995267,3801.281679262434,4189.79296875,36699500,148621737902.83203
2024-05-13,4200.610608552632,4446.697265625,4113.173005756579,4446.697265625,30325400,131219055626.61133
2024-05-20,4446.697449380431,4541.34644507789,4364.668460918364,4416.04931640625,21744800,96665157639.45312
2024-05-27,4511.599766312203,4700.897846170553,4462.923059608513,4493.5712890625,39961500,182329870653.95508
2024-06-03,4520.613803584074,4631.488457066065,4379.992983664991,4552.1630859375,23160800,104792029227.29492
2024-06-10,4552.163830689709,4564.783206753096,4164.553711569034,4306.07568359375,29495500,127385885131.9336
2024-06-17,4263.709259783582,4345.738473946151,4119.483038069789,4180.779296875,21970600,92519471763.96484
2024-06-24,4195.202097039474,4257.399796684267,4130.299599409207,4220.44140625,17471700,72892531291.3086
2024-07-01,4279.034151702003,4686.475121236381,4273.625640029323,4437.68310546875,31825100,142857063860.83984
2024-07-08,4415.148021768051,4437.683485333629,4199.708779135615,4203.314453125,26410600,113112583098.24219
2024-07-15,4238.470499779081,4279.93575775225,4087.031560549441,4115.876953125,12496800,52125617897.85156
2024-07-22,4069.0037031004817,4389.90789840422,4012.214329308871,4143.82080078125,36814800,155961279187.35352
2024-07-29,4148.3279264336825,4422.3592460275695,4086.130549577757,4142.919921875,29424800,125927960021.24023
2024-08-05,3876.0994755190095,4176.271873546461,3579.532794717671,4079.820556640625,44525800,175206197157.69043
2024-08-12,4155.539327800514,4564.783116057982,4128.496772521986,4489.06396484375,22680400,99524969309.32617
2024-08-19,4479.148518604343,4712.616603254849,4462.922985632945,4577.40380859375,26634300,121447439012.59766
2024-08-26,4534.134921611796,4759.489127986914,4502.5852750399445,4753.17919921875,21064900,97854937332.22656
2024-09-02,4789.236732925601,4798.250918381889,4288.048236833405,4324.10498046875,26724200,119767621229.24805
2024-09-09,4197.905996301529,4299.766467627902,4032.9461912764455,4223.1455078125,25395300,106106427650.8789
2024-09-16,4299.7666276122445,4626.981390865955,4291.653860390335,4559.375,27157300,121466430709.96094
2024-09-23,4646.812707008084,4918.671782746636,4590.924755924766,4909.43310546875,27738200,133120832085.83984
2024-09-30,4761.614087755927,5120.998386223792,4563.9065664148975,4590.69873046875,48084200,229866561497.9004
2024-10-07,4598.089474152311,4642.435123089283,4471.519339868368,4501.08349609375,29730900,135120143647.36328
2024-10-14,4509.39829281316,4770.852431568455,4507.550557393036,4750.52734375,23592800,110420047207.61719
2024-10-21,4808.7316027594325,4931.6055455997,4559.28720169916,4568.52587890625,32920100,157450573693.70117
2024-10-28,4577.764659382904,4813.350502688303,4575.916923899803,4680.3134765625,40210200,189354882903.6621
2024-11-04,4709.877078275568,4788.406269785637,4436.4126775054265,4504.77880859375,37929300,170526656329.8828
2024-11-11,4517.713075195914,4618.4146959035725,4460.433019581178,4603.6328125,25912700,117468909156.10352
2024-11-18,4578.688242672605,4709.877278451609,4559.287021305348,4596.24169921875,23055000,107352475703.90625
2024-11-25,4613.794774202569,4638.739199293372,4389.295450745135,4430.86962890625,24774000,111419163879.24805
2024-12-02,4453.042374935367,4655.36912457728,4452.118507222725,4497.3876953125,21930700,99997592479.6875
2024-12-09,4526.951171875,4732.05029296875,4503.854482222577,4732.05029296875,21415200,99163000773.82812
2024-12-16,4720.9641969730765,4850.305574230341,4620.262302838094,4670.1513671875,27832500,130640681156.10352
2024-12-23,4670.151221103756,4840.142722562016,4595.3179374421525,4825.36083984375,16919900,80426051242.43164
2024-12-30,4831.827405310663,4938.072176173135,4830.903537737946,4871.5537109375,4629800,22554319370.898438
2025-01-06,4895.57503684969,4949.159483708222,4586.078746323899,4594.3935546875,31783000,151690417161.76758
2025-01-13,4599.93710083132,4626.72926309766,4349.56886438735,4394.83837890625,19540200,87305844500.78125
2025-01-20,4392.991238018471,4471.520000332093,4328.320337706259,4451.19482421875,22537400,99024447735.5957
2025-01-27,4478.910300147454,4532.495011613176,4345.87309634708,4512.169921875,17804500,79385097592.28516
2025-02-03,4498.311972619879,4789.330117692456,4441.956041149389,4788.40625,35605300,166033899284.375
2025-02-10,4804.112053872256,4978.722888813395,4772.700551981553,4910.35693359375,21030700,102391897706.00586
2025-02-17,4895.574782755511,4928.833923866716,4756.070946534048,4790.25390625,21419100,103252962429.88281
2025-02-24,4788.405624168169,4951.007033840061,4769.928272733987,4867.8583984375,17891600,87436322951.51367
2025-03-03,4882.6402842337975,4977.799263737711,4790.254078579182,4890.03173828125,20693600,101812581822.5586
2025-03-10,4905.737422356795,4955.62566005476,4794.873586613152,4871.5537109375,19929500,97185316554.93164
2025-03-17,4914.976059304449,4918.67153002573,4829.05603386786,4831.82763671875,19924500,96788936543.21289
2025-03-24,4887.259737066202,4946.387589084771,4815.94748272504,4833.2158203125,27271100,132938995560.15625
2025-03-31,4737.280175404198,4797.719485700931,4215.392729390127,4360.2548828125,28247400,127906397582.27539
2025-04-07,4091.636267156077,4563.637616018065,3965.001803553591,4413.01953125,37465000,158345955551.0498
2025-04-14,4432.206400240385,4443.718624656593,4208.677048450867,4372.7265625,16165100,69855502829.15039
2025-04-21,4307.490769972872,4597.21484375,4218.27076198929,4597.21484375,19848100,87682823483.20312
2025-04-28,4603.9304445065245,4713.296909232191,4194.287418514785,4472.4990234375,31403900,140950304114.2578
2025-05-05,4470.580417072959,4745.914347263361,4384.239019860231,4635.5888671875,24019600,111476083785.0586
2025-05-12,4638.466773647046,5074.012838908295,4638.466773647046,5059.62255859375,27304100,134471341221.5332
2025-05-19,5012.614162807982,5048.1103804383465,4886.939400013706,5006.8583984375,15227200,75669476355.51758
2025-05-26,5006.858573254244,5061.541389130976,4952.17497300224,5056.74462890625,13615500,68296699164.697266
2025-06-02,5057.704030698244,5064.419495078913,4717.133738489457,4751.67041015625,17139600,83089208296.97266
2025-06-09,4805.394121637928,5025.085862159729,4739.198834276575,4911.88232421875,16448800,79865709428.8086
2025-06-16,5007.817735786897,5057.704042733433,4830.337890625,4848.5654296875,16021100,78191281749.07227
2025-06-23,4838.012389668603,4969.443359375,4782.369464588317,4969.443359375,16100200,78754626373.19336
2025-06-30,4967.525131425586,5024.126643698598,4915.720088273479,4918.59814453125,13547200,67329788953.125
2025-07-07,4897.492165781374,4996.305469655972,4822.662852611415,4977.11865234375,11522800,56651165346.92383
2025-07-14,4977.118244740752,5020.289085336999,4889.81719946954,4980.95556640625,7835100,38919565552.34375
2025-07-21,4976.159306278935,5195.850747761644,4930.110405815973,5169.9482421875,13697200,69834511010.20508
2025-07-28,5144.0455131660565,5144.0455131660565,4938.744604700209,5054.82568359375,14864700,74873025295.01953
2025-08-04,4960.80948210264,5050.029223320111,4856.240234375,5017.4111328125,19958000,98704716712.01172
2025-08-11,5061.541141931775,5116.224373896395,5010.695765604899,5063.46044921875,11295000,57232236839.208984
2025-08-18,5045.232528624747,5063.46044921875,4970.402688817119,5063.46044921875,11817900,59223535112.646484
2025-08-25,5063.460364634596,5188.1760149071815,5044.27273345804,5116.224609375,14168300,72614083947.70508
2025-09-01,5142.12707963879,5357.9812179553965,5094.15940328436,5295.62353515625,20025600,104108110306.34766
2025-09-08,5314.810052957026,5410.745439211869,5266.842601102941,5311.93212890625,14915200,79500898512.74414
2025-09-15,5343.59096446754,5368.534117982111,5209.2815943526175,5223.671875,12372200,65177839017.1875
2025-09-22,5127.736672472598,5173.785408218597,5050.029156949627,5116.224609375,14206500,72756412997.94922
2025-09-29,5121.127018773072,5121.127018773072,4882.86628344016,4951.5009765625,17283100,85836699202.34375
2025-10-06,5022.096550374509,5103.477866427464,4815.212092778538,4880.9052734375,16299500,80967678528.95508
2025-10-13,4814.2317090173865,4982.8768549231845,4805.407251709616,4951.5009765625,12857800,63380438263.47656
2025-10-20,4988.760131334377,5127.009807900839,4958.364776760602,5107.39990234375,12828200,64720162826.61133
2025-10-27,5137.795283018868,5259.376853105656,5127.990330188679,5227.0205078125,15471900,80557805344.33594
2025-11-03,5260.357164804512,5283.889051469062,4724.026287679053,4931.89111328125,23132000,113721028606.25
2025-11-10,4970.130566778236,4981.896510120383,4711.279828491333,4876.9833984375,15496500,75117161281.54297
2025-11-17,4819.134457054948,4865.217736705321,4747.558153425838,4855.41259765625,15811900,76299714153.07617
2025-11-24,4852.470915000126,4881.886023417772,4758.343454500676,4853.45166015625,11474700,55400682223.73047
2025-12-01,4873.061329990032,4873.061329990032,4724.026157697171,4736.7724609375,13847400,66287982872.31445
2025-12-08,4727.948098414106,4875.022583081809,4699.51373614658,4852.47119140625,12484600,59684191781.103516
2025-12-15,4872.081250686339,4889.730166466648,4779.914608249417,4802.4658203125,13359200,64442884984.765625
2025-12-22,4800.50465935837,4934.8327317514,4774.031288075144,4926.98876953125,10311700,50242286048.583984
2025-12-29,4935.813338042996,5020.135880267822,4913.261946152852,4978.955078125,3757200,18703452885.15625
2026-01-05,4989.740389060974,5180.937069902883,4982.8769222259525,5171.1318359375,13987800,71491995823.33984
2026-01-12,5233.883660596494,5291.73280774827,5048.57028595267,5049.55078125,13451700,69563723189.69727
2026-01-19,5069.160580677629,5101.516924809614,4905.417979155515,4923.06689453125,12500000,62436930491.69922
2026-01-26,4902.476386706872,5065.238825752908,4810.310019284218,4973.072265625,16554300,81478405247.31445
2026-02-02,5038.765205410134,5157.405215110069,4874.041826301413,4952.4814453125,20088800,100909395382.66602
2026-02-09,5044.648240909176,5045.628736194095,4916.203342850042,4950.5205078125,12365000,61399029814.01367
2026-02-16,4975.033022294434,5116.22420058575,4935.813052676362,5113.28271484375,13478000,67950468498.828125
2026-02-23,5147.600018181574,5299.577127884034,5095.633901549549,5264.279296875,17093100,89266505207.8125
2026-03-02,5459.397615645651,5560.388875699228,5169.171054651298,5432.92431640625,31234100,169372444883.3496
2026-03-09,5334.874747649647,5680.008936066323,5309.381870708113,5529.9931640625,26360300,145917152937.06055
2026-03-16,5590.784298805898,6141.822488676804,5504.500710890269,6020.2412109375,25620300,151698373987.5
2026-03-23,5882.97144349405,5922.191253117343,5527.05167116266,5781.0,23126300,130557310484.7168
2026-03-30,5699.0,6247.0,5586.0,6164.0,25174600,149892079600.0
2026-04-06,6230.0,6394.0,6024.0,6163.0,24281900,149764359100.0
2026-04-13,6240.0,6282.0,5989.0,6096.0,14268900,86779725900.0
2026-04-20,6051.0,6068.0,5740.0,5874.0,11072000,64907582200.0
2026-04-27,5804.0,5807.0,5541.0,5629.0,14565000,82163192100.0
2026-05-04,5529.0,5700.0,5474.0,5571.0,6683100,37539783800.0
2026-05-11,5554.0,5740.0,5262.0,5498.0,19072500,103361859700.0
2026-05-18,5505.0,5695.0,5362.0,5391.0,14950700,82909248500.0
2026-05-25,5406.0,5412.0,5190.0,5313.0,15119300,80014372900.0
2026-06-01,5327.0,5723.0,5208.0,5609.0,16221900,87755114400.0
2026-06-08,5568.0,5856.0,5520.0,5630.0,17030100,96100411200.0
2026-06-15,5594.0,5672.0,5144.0,5152.0,17785500,94890059000.0
2026-06-22,5134.0,5410.0,5093.0,5265.0,14160100,74702777900.0
2026-06-29,5259.0,5310.0,5062.0,5211.0,12488100,64633733100.0
2026-07-06,5232.0,5495.0,5070.0,5286.0,13753600,73290909700.0
2026-07-13,5338.0,5784.0,5296.0,5706.0,13212600,73692647100.0
2026-07-20,5701.0,5972.0,5668.0,5946.0,11435900,66691760800.0
2026-07-27,6063.0,6168.0,5934.0,6110.0,14667900,89340818100.0
2026-08-03,6021.0,6078.0,5735.0,5886.0,14026300,83105607900.0
